1	19	22	24
2	82	98	99
3	9	55	100
4	14	16	41
5	38	47
6	11	21	47
7	12	68	77
8	49	85	92
9	3	49	92
10	25	52	64
11	6	38	47
12	7	68	77
13	31	68	77
14	4	18	41
15	94	97	100
16	4	41	73
17	51	68	77
18	14	41	92
19	1	22	24
20	93	95	99
21	6	38	47
22	1	19	24
23	70	85	92
24	1	19	22
25	10	53	64
26	94	97	100
27	87	93	98
28	96	98	99
29	51	68	77
30	57	94	100
31	13	51	77	93
32	45	54	85	92
33	43	52	53	64
34	67	79	97	100
35	71	95	96	99
36	72	93	96	98
37	84	94	97	100
38	5	11	21	47
39	95	96	98	99
40	80	95	96	99
41	4	14	16	18
42	82	89	93	99
43	33	52	53	64
44	48	73	85	92
45	32	55	73	85	92
46	79	91	94	97	100
47	5	6	11	21	38
48	44	54	73	85	92
49	8	9	70	85	92
50	83	91	94	97	100
51	17	29	31	68	77
52	10	33	43	53	64
53	25	33	43	52	64
54	32	48	55	70	92
55	3	45	54	70	92
56	72	88	96	98	99
57	30	91	94	97	100
58	69	91	94	97	100
59	81	87	93	98	99
60	63	80	81	95	96	98
61	65	84	91	94	97	100
62	78	86	95	96	98	99
63	60	89	93	95	96	98
64	10	25	33	43	52	53
65	61	84	90	94	97	100
66	74	75	84	91	94	97	100
67	34	76	79	90	97	98	100
68	7	12	13	17	29	51	77
69	58	75	83	84	94	97	100
70	23	49	54	55	73	85	92
71	35	82	88	89	95	98	99
72	36	56	81	86	95	96	99
73	16	44	45	48	70	85	92
74	66	75	76	83	90	94	97	100
75	66	69	74	76	90	91	97	100
76	67	74	75	83	90	91	97	100
77	7	12	13	17	29	31	51	68
78	62	81	82	87	89	95	96	98	99
79	34	46	67	83	84	90	94	97	100
80	40	60	88	89	93	95	96	98	99
81	59	60	72	78	82	86	95	96	99
82	2	42	71	78	81	88	95	96	98	99
83	50	69	74	76	79	90	91	94	97	100
84	37	61	65	66	69	79	90	91	97	100
85	8	23	32	44	45	48	49	70	73	92
86	62	72	81	87	88	89	93	95	96	98	99
87	27	59	78	86	88	89	93	95	96	98	99
88	56	71	80	82	86	87	93	95	96	98	99
89	42	63	71	78	80	86	87	95	96	98	99
90	65	67	74	75	76	79	83	84	91	94	97	100
91	46	50	57	58	61	66	75	76	83	84	90	94	97	100
92	8	9	18	23	32	44	45	48	49	54	55	70	73	85
93	20	27	31	36	42	59	63	80	86	87	88	95	96	98	99
94	15	26	30	37	46	50	57	58	61	65	66	69	74	79	83	90	91	97	100
95	20	35	39	40	60	62	63	71	72	78	80	81	82	86	87	88	89	93	96	98	99
96	28	35	36	39	40	56	60	62	63	72	78	80	81	82	86	87	88	89	93	95	98	99
97	15	26	34	37	46	50	57	58	61	65	66	67	69	74	75	76	79	83	84	90	91	94	100
98	2	27	28	36	39	56	59	60	62	63	67	71	78	80	82	86	87	88	89	93	95	96	99
99	2	20	28	35	39	40	42	56	59	62	71	72	78	80	81	82	86	87	88	89	93	95	96	98
100	3	15	26	30	34	37	46	50	57	58	61	65	66	67	69	74	75	76	79	83	84	90	91	94	97
